57819
2179
4261
29459
89971
73865
23488
44914
64383
105
76534
75586
20321
16065
70755
79781
65233
5159
83880
84196
39811
37082
14621
18453
77015
80650
55772
52940
29330
27118
94801
21827
51652
59188
44419
1273
202
21463
87180
40553
10022
68306
69432
75172
35041
59303
38646
95712
68321
26827
23013
50696
77806
33974
10293
3373
98741
39795
11141
64503
92852
81079
73664
46878
12307
379
1010
49492
84248
71610
6931
39888
60462
1592
81180
68118
9670
72260
24986
46754
18780
53295
24544
12501
71306
66978
47972
35430
62253
20007
18327
18525
59962
95830
55265
46806
22300
90954
25574
10193